cam: 0 0 -40 0 0 0
light: ambient 10 0 0 0 0 0 0
light: point 50 -3 0 15 0 0 0
light: point 30 3 0 15 0 0 0
plane: 0 -2 25 0 1 0 168 145 195 200
plane: 0 2 25 0 -1 0 168 145 195 200
plane: 0 0 100 0 0 1 255 125 125 200
cylinder: -2 0 30 4 0 1 0 255 255 255 500
cylinder: 2 0 30 4 0 1 0 255 255 255 500
cylinder: -2 0 60 4 0 1 0 255 255 255 500
cylinder: 2 0 60 4 0 1 0 255 255 255 500
sphere: 0 -2 20 6 100 100 255 100
sphere: -2 -2 30 6 102 111 137 200
sphere: 2 -2 30 6 102 111 137 200
sphere: -2 -2 60 6 102 111 137 200
sphere: 2 -2 60 6 102 111 137 200
sphere: -2 2 30 6 102 111 137 200
sphere: 2 2 30 6 102 111 137 200
sphere: -2 2 60 6 102 111 137 200
sphere: 2 2 60 6 102 111 137 200
